Base:
-----

  0000   f3 06 03 84 04 04 04 40 01 00 00 02 00 00 03 00
  0010   00 04 00 00 05 00 00 00 00 06 00 01 19 0d 00 00
  0020   0c 00 00


MODS:
=====
    
    1 - Switching Profiles: 
          0 ->  0000   f0 80 00 00
          1 ->  0000   f0 90 00 00
          2 ->  0000   f0 a0 00 00

         [2] Determines the profile. 

    2 - Button5
        
        0000   f3 06 03 84 04 04 04 40 01 00 00 02 00 00 03 00
        0010   00 04 00 00 (04) 00 00 00 00 06 00 01 19 0d 00 00
        0020   0c 00 00

        [20] => Button 5  
            
            1 -> Button 1 
            2 -> Button 2 
            3 -> Button 3 
            ... etc

    3 - Button4 
        
        0000   f3 06 03 84 04 04 04 40 01 00 00 02 00 00 03 00
        0010   00 (01) 00 00 05 00 00 00 00 06 00 01 19 0d 00 00
        0020   0c 00 00

        [17] => Button 4 

    4 - Right/Left Handed
        
        Left-Handed:

          0000   f3 06 03 84 04 04 04 40 '02' 00 00 '01' 00 00 03 00
          0010   00 04 00 00 05 00 00 00 00 06 00 01 19 0d 00 00
          0020   0c 00 00

        in Right-Handed Swap these 2 bytes


   5 - Button7 
       
         0000   f3 06 03 84 04 04 04 40 02 00 00 01 00 00 03 00
         0010   00 04 00 00 05 00 00 00 00 06 '05' 00 00 0d 00 00
         0020   0c 00 00
  

   6 - Button6 
        
         0000   f3 06 03 84 04 04 04 40 02 00 00 01 00 00 03 00
         0010   00 04 00 00 05 00 00 '02' 00 00 05 00 00 0d 00 00
         0020   0c 00 00

   7 - Button9 

         0000   f3 06 03 84 04 04 04 40 02 00 00 01 00 00 03 00
         0010   00 04 00 00 05 00 00 02 00 00 05 00 00 0d 00 00
         0020   '07' 00 00

   8 - Button8  

        0000   f3 06 03 84 04 04 04 40 02 00 00 01 00 00 03 00
        0010   00 04 00 00 05 00 00 03 00 00 05 00 00 '09' 00 00
        0020   0c 00 00

   
   9 - Button3 (Middle Button)
       
        0000   f3 06 03 84 04 04 04 40 01 00 00 02 00 00 06 00
        0010   00 04 00 00 05 00 00 00 01 06 00 01 19 0d 00 00
        0020   0c 00 00

        0000   f3 06 03 84 04 04 04 40 01 00 00 02 00 00 06 00
        0010   00 05 00 00 05 00 00 00 01 06 00 01 19 0d 00 00
        0020   0c 00 00

        0000   f3 06 03 84 04 04 04 40 01 00 00 02 00 00 06 00
        0010   00 06 00 00 05 00 00 00 01 06 00 01 19 0d 00 00
        0020   0c 00 00

        okay so I am now sure that [0x11] is the middle button 


   10 - Report Rate 
          
        0000   f3 06 00 82 05 02 02 40 01 00 00 02 00 00 06 00
        0010   00 06 00 00 05 00 00 00 01 06 00 01 19 0d 00 00
        0020   0c 00 00
